-0.0001043236
-0.0002069405
-0.0000926465
-0.0001148486
-0.0001091825
-0.0001059592
-0.0000615507
-0.0002036151
-0.0001587641
-0.0001634842
-0.0002443435
-0.0002031542
-0.0002096244
-0.0003129827
-0.0004611206
-0.0001773300
-0.0005718618
0.0006959452
-0.0017666838
0.0025294459
-0.0043903195
0.0067140841
-0.0122556094
0.0685764167
0.1520541198
0.3331243826
0.1571391525
-0.1829411706
0.0340085693
-0.0238681448
-0.0949403445
-0.2356565337
-0.0141081579
-0.0532379799
-0.0522247072
-0.1264576021
0.0186776815
-0.0472564720
-0.0643912549
-0.0145752947
0.0037695021
0.0011245646
-0.0276768820
0.0139528955
-0.0326952079
0.0420818007
-0.0356303396
0.0063131480
-0.0210855962
-0.0387852147
-0.0175006184
-0.0182149075
-0.0066757763
-0.0102709498
-0.0277923535
-0.0246142608
0.0104832348
-0.0260501192
0.0095553199
0.0150214376
0.0097129879
0.0308739342
0.0009440580
0.0166392315
0.0121448468
-0.0076846840
-0.0036245597
0.0051098148
-0.0035126555
0.0130923502
0.0194884853
0.0153577066
0.0219752784
0.0293983827
0.0026736697
0.0149178131
0.0126271156
0.0162198040
0.0190786326
0.0174584054
0.0225625082
0.0179752478
0.0179876696
0.0099662196
0.0153553099
0.0123823709
0.0185168129
0.0221579651
0.0215953513
0.0240458162
0.0141716840
0.0099476299
0.0112961431
0.0107408267
0.0085544783
0.0070783078
0.0115910997
0.0106437132
0.0120421345
0.0007997357
0.0035162554
0.0048360170
0.0065738609
0.0062628091
0.0094304739
0.0102517914
0.0026140796
0.0022178059
0.0013600839
-0.0014775857
0.0008842727
0.0014813379
0.0014262359
-0.0006289642
0.0015090185
-0.0025807963
-0.0032498757
-0.0044516143
-0.0045001494
-0.0059239337
-0.0058148443
-0.0045110341
0.0096047626
0.0230872739
0.0168113169
-0.0099724297
-0.0249834865
-0.0105312971
-0.0139959076
-0.0090890125
-0.0127294643
-0.0268185389
-0.0076900332
-0.0225311222
-0.0196002271
-0.0147808364
-0.0212441561
-0.0225542864
-0.0186321634
-0.0199560285
-0.0123703576
-0.0127765898
-0.0058384677
-0.0055926784
-0.0148869133
-0.0070537704
-0.0143449757
-0.0117446210
-0.0078839972
-0.0081220532
-0.0087561902
-0.0038791743
-0.0115700368
-0.0069401664
-0.0101459759
-0.0084527304
-0.0070762943
-0.0067256714
-0.0078727857
-0.0047003811
-0.0018505640
-0.0025325637
-0.0041172203
-0.0094840918
-0.0081562794
-0.0067832880
-0.0030235378
-0.0048244860
0.0006970589
-0.0056321411
-0.0009197338
0.0065790203
0.0056187314
0.0036373611
-0.0042923753
0.0074491762
0.0062087257
-0.0020731043
0.0044109786
0.0041198668
0.0095558241
0.0148603633
0.0106072481
0.0137536786
0.0071922964
0.0056035138
-0.0047786316
0.0071460238
0.0048418121
-0.0009074638
0.0009871908
0.0036067308
0.0019891381
0.0094350755
0.0092413875
-0.0025940656
-0.0068427538
0.0133966308
0.0085657252
-0.0003295421
0.0077975281
0.0089866339
0.0071150728
0.0117461429
0.0131199794
-0.0003751077
-0.0014204240
0.0197732841
0.0129568240
-0.0071336814
-0.0009129751
-0.0009772208
-0.0045305676
0.0085116233
-0.0012514533
0.0015292969
0.0089467265
-0.0005047921
0.0035592584
-0.0015870518
-0.0021836551
0.0052140375
0.0010683268
-0.0026200804
0.0028711929
0.0052497035
0.0067898388
0.0009612976
-0.0018731497
0.0026290413
-0.0009473207
-0.0056419646
-0.0043094422
0.0048953797
0.0155295497
-0.0021405896
0.0068584538
0.0070130554
0.0010598593
0.0026272166
-0.0085251851
-0.0129708795
-0.0119423385
-0.0081542693
0.0014240951
-0.0080483605
-0.0008779882
0.0044965093
-0.0014467642
-0.0044672378
-0.0024283174
-0.0046109080
-0.0113920002
0.0008225519
-0.0055234175
-0.0103284891
-0.0066235426
-0.0043725798
-0.0076776208
0.0001689304
-0.0024470140
0.0010310993
0.0021661436
0.0003454609
0.0042087044
0.0034794216
-0.0101408151
-0.0047582266
-0.0046671558
-0.0166106227
-0.0119414028
-0.0036827137
0.0095261734
0.0106476407
0.0112586724
-0.0102499510
-0.0263391648
-0.0075653519
-0.0045571402
-0.0044982191
-0.0085960627
-0.0166431587
-0.0094527806
-0.0041169591
-0.0015335795
0.0029160854
-0.0014742909
0.0160896746
0.0050497020
0.0077522944
0.0128089563
0.0102159119
0.0022142545
0.0029951531
0.0055630669
0.0087450680
0.0013064147
-0.0016689137
0.0008559082
-0.0084845151
0.0068756045
-0.0068015327
0.0085258563
0.0112515903
-0.0004807524
-0.0013907672
-0.0083526004
-0.0110331481
-0.0078338407
-0.0037996148
0.0014978197
0.0014813879
0.0008184320
0.0065167181
0.0021572871
0.0037596626
0.0053386438
0.0053291389
0.0082232389
0.0011193360
0.0014467759
0.0025240112
0.0046862817
0.0039084633
0.0016612813
-0.0039857008
0.0044011301
-0.0012707181
-0.0078120716
-0.0056020822
0.0012594455
-0.0119836602
-0.0067069891
-0.0054888115
0.0036859495
-0.0029963457
-0.0013816655
-0.0050297088
-0.0063879888
0.0167957155
0.0143706980
0.0177450494
0.0195191014
0.0015830745
-0.0037526550
-0.0092973369
-0.0085412574
0.0113595532
0.0213013736
0.0200601967
0.0108289574
-0.0033955102
-0.0088627367
0.0026079458
-0.0147443487
-0.0072638016
0.0028061213
-0.0048002277
0.0055660561
-0.0082857990
-0.0036817726
0.0029792327
-0.0059211457
0.0027615911
0.0016815905
-0.0047038809
0.0011287528
-0.0028225079
0.0045495105
0.0018789524
-0.0078107153
-0.0017074654
0.0038737355
-0.0029858416
0.0014523819
0.0000331834
-0.0016805802
-0.0025781911
0.0038345761
-0.0016904768
0.0033624954
0.0033483297
0.0039392181
0.0021623992
-0.0034880796
-0.0015674749
0.0005689340
0.0036516575
-0.0012864503
-0.0042014278
-0.0109546220
-0.0139952850
-0.0043831210
-0.0047600666
-0.0056719971
0.0053386231
0.0111408531
0.0128750445
0.0114423879
0.0118995904
-0.0008975654
-0.0080145480
-0.0060021875
-0.0026235593
-0.0064587328
0.0019269535
0.0046988402
-0.0033117553
-0.0001803418
-0.0001639107
0.0040114027
0.0019315464
0.0053870025
0.0063199633
-0.0023221371
0.0018625475
-0.0014762962
-0.0065934233
-0.0009136095
0.0085720907
-0.0008521654
-0.0073064141
-0.0060208140
-0.0113149780
-0.0058271794
-0.0053892243
-0.0030973391
-0.0130878712
-0.0077353734
-0.0057311077
-0.0041302984
-0.0032390619
-0.0034920811
0.0059554108
-0.0055634388
-0.0050278968
-0.0083693103
-0.0207842101
-0.0188738455
-0.0100856932
-0.0092607759
-0.0053392815
-0.0003968922
0.0147217780
0.0087504133
0.0019445095
0.0029737112
0.0080884265
0.0014128031
0.0062497227
0.0059998510
-0.0004056854
0.0068174300
0.0052075571
0.0032476920
0.0038789095
-0.0029031693
0.0003349569
0.0033539951
0.0018924201
0.0042638137
0.0019177498
-0.0017777927
0.0010534872
0.0031047930
0.0069281783
0.0100358285
-0.0015017822
0.0069902397
0.0070964404
-0.0023442122
-0.0011799720
0.0030698947
0.0010396350
-0.0036481710
0.0010148847
0.0048711794
0.0015948891
0.0012225291
0.0077644559
0.0063746497
0.0068721422
0.0089462825
0.0073609371
-0.0002869374
0.0054657003
0.0006211476
-0.0002371398
-0.0003196366
0.0004913215
-0.0022639543
-0.0018176980
0.0014466037
-0.0000461556
0.0006133859
-0.0016161666
-0.0024372643
0.0019483221
0.0013840765
-0.0049382009
